sequence,frame,IoU
0,30,0.6392523364485981
0,31,0.6247479499932787
0,32,0.6967320261437908
0,33,0.565716917597355
0,34,0.5433382940469552
0,35,0.45060750922597487
0,36,0.4867368644939788
0,37,0.5770254773537447
0,38,0.8216216216216217
0,39,0.6635628687592585
0,40,0.7042600344742674
0,41,0.5670094998822328
0,42,0.7340631036703155
0,43,0.6438170013589009
0,44,0.8101780185758514
0,45,0.7715811965811966
0,46,0.30180878552971574
0,47,0.294595008421375
0,48,0.4505542904964942
0,49,0.7515475179026581
0,50,0.4235559964726631
0,51,0.759377211606511
0,52,0.7116018710221609
0,53,0.6711760184473482
0,54,0.6643565915892267
0,55,0.6576810908804288
0,56,0.5601327606403749
0,57,0.39799683711122824
0,58,0.5712886024142286
0,59,0.3578472619764959
1,30,0.3415485765759832
1,31,0.35009039388672347
1,32,0.31303772927621104
1,33,0.2904343018616977
1,34,0.2286754137226801
1,35,0.2031583164009518
1,36,0.21659604387092185
1,37,0.22092080978769116
1,38,0.20938649018587163
1,39,0.21518854070676835
1,40,0.21285796916968694
1,41,0.27227800776320527
1,42,0.3104224011794859
1,43,0.2623941026410491
1,44,0.2227659558454678
1,45,0.22458877488316156
1,46,0.0
1,47,0.0
1,48,0.23645776864922005
1,49,0.2089316920010459
1,50,0.20037672715469926
1,51,0.2290117158963543
1,52,0.22766910332464302
1,53,0.24605618235402732
1,54,0.21719885408649972
1,55,0.22162483730083793
1,56,0.2234830889003458
1,57,0.25231617193033207
1,58,0.25369433511703116
1,59,0.2350451897994427
1,60,0.21630259669734808
1,61,0.20686769156737328
1,62,0.23558409309151793
1,63,0.20421889932542614
1,64,0.23576831767017317
1,65,0.23093537141587483
1,66,0.21749815151411997
1,67,0.22840183402019998
1,68,0.20913733290466469
1,69,0.2054491030023695
1,70,0.2191706485840564
1,71,0.229541218573337
1,72,0.2298793201966939
1,73,0.22451525760560492
1,74,0.22112102939373696
2,30,0.6089103362101727
2,31,0.6308777429467085
2,32,0.595350052246604
2,33,0.7540136054421769
2,34,0.6439775164202737
2,35,0.6122869021819213
2,36,0.5460056807984996
2,37,0.5763021105306045
2,38,0.5384573635521637
2,39,0.52852329744238
2,40,0.0
2,41,0.40975208990996737
2,42,0.544718736354683
2,43,0.571881260943798
2,44,0.5512034832160483
2,45,0.589316665240865
2,46,0.5500986015635498
2,47,0.491617224320107
2,48,0.4658005905890113
2,49,0.49259327330480857
2,50,0.5978308442226791
2,51,0.5859614121512802
2,52,0.6169825072511321
2,53,0.5496753246419177
2,54,0.5328141183645583
2,55,0.6255991160119047
2,56,0.6506362161526462
2,57,0.6141138416207123
2,58,0.5887047024860558
2,59,0.6056271104446042
2,60,0.6813304992501796
2,61,0.6090681735721303
2,62,0.6369148528486004
2,63,0.5854628655517339
2,64,0.5323096595278519
2,65,0.6952195880295375
2,66,0.0
2,67,0.0
2,68,0.44497759600290854
2,69,0.0
2,70,0.0
2,71,0.0
2,72,0.0
2,73,0.0
2,74,0.0
2,75,0.5256206089409892
2,76,0.0
2,77,0.5871224616941713
2,78,0.48809958471490983
2,79,0.5238261251736549
2,80,0.486385791748781
2,81,0.5100264034872682
2,82,0.6035708336677896
2,83,0.6673665514692577
3,30,0.8208338550143984
3,31,0.7685856146001073
3,32,0.7970459081836327
3,33,0.825
3,34,0.7988095238095239
3,35,0.8246085718804365
3,36,0.7880784313725491
3,37,0.8011022044088176
3,38,0.8612474494016434
3,39,0.8779440770390997
3,40,0.7509416195856874
3,41,0.722482258795108
3,42,0.7052722558340536
3,43,0.7284023175923356
3,44,0.7741750593629739
3,45,0.7707142857142857
3,46,0.6580328423903843
3,47,0.7668897882938979
3,48,0.7890867798230935
3,49,0.7634836427939876
3,50,0.7785212812637121
3,51,0.749826728635821
3,52,0.6375108962147373
3,53,0.6252342805296266
3,54,0.6712572424347859
3,55,0.6445430053757711
3,56,0.7826027868510071
3,57,0.7125744047619048
3,58,0.7967320261437908
3,59,0.7819407275250273
3,60,0.8345375722543352
3,61,0.8301169590643275
3,62,0.8420542635658915
3,63,0.7657975099835564
3,64,0.7205830903790087
3,65,0.7883381924198251
3,66,0.678301056637823
3,67,0.0
3,68,0.6969376359254688
3,69,0.8647661163275369
3,70,0.6777493606138107
3,71,0.6378698224852071
3,72,0.7029818956336529
3,73,0.8090190441969098
3,74,0.7016718913270638
3,75,0.7310344827586207
3,76,0.7466529351184346
3,77,0.6082513201714048
3,78,0.6089844881444589
3,79,0.0
3,80,0.7129272680544847
3,81,0.6856023506366308
3,82,0.6948944526264114
3,83,0.5716675962074735
3,84,0.7468487394957983
4,30,0.7522713506965475
4,31,0.6103792415169661
4,32,0.6729910714285714
4,33,0.6844437767595584
4,34,0.6777408637873754
4,35,0.7375827814569537
4,36,0.7150906418422343
4,37,0.7011289364230541
4,38,0.6212543286652916
4,39,0.6876448564806561
4,40,0.7335759781619654
4,41,0.7186931197670186
4,42,0.7786207903296408
4,43,0.49987222080245336
4,44,0.46361950474528196
4,45,0.38786363636363635
4,46,0.6104931974948493
4,47,0.8075970584333545
4,48,0.5957058017359524
4,49,0.578698224852071
4,50,0.6779560308972074
4,51,0.6497046796910495
4,52,0.5527811097472926
4,53,0.5359477124183006
4,54,0.5537754249094455
4,55,0.7280361757105943
4,56,0.48140122788010115
4,57,0.7075041080883695
4,58,0.748564867967853
4,59,0.6451886876640306
4,60,0.7018423361323474
4,61,0.7885288640595903
4,62,0.8544891640866873
4,63,0.8231209150326797
4,64,0.8029407064088221
4,65,0.782979407979408
4,66,0.7746662324975578
4,67,0.7200751879699248
4,68,0.7842989716578881
4,69,0.7897048489107519
4,70,0.7804878048780488
4,71,0.7206354571573432
4,72,0.7812110640418639
4,73,0.8683206106870229
4,74,0.8674285714285714
4,75,0.8239616366308299
4,76,0.8065715135295867
4,77,0.7605925925925926
4,78,0.8005222345307802
4,79,0.8511650407159558
4,80,0.8793103448275862
4,81,0.8847975690410225
4,82,0.8363802559414991
4,83,0.7899343544857768
4,84,0.7576738165680473
4,85,0.7958387516254877
4,86,0.8029609690444145
4,87,0.7376869391824527
4,88,0.7164123557871231
4,89,0.6561880742208611
4,90,0.6549180327868852
4,91,0.701123595505618
4,92,0.6733146067415731
4,93,0.0
4,94,0.0
4,95,0.0
4,96,0.0
4,97,0.0
4,98,0.0
4,99,0.0
4,100,0.0
4,101,0.0
4,102,0.0
4,103,0.0
4,104,0.0
4,105,0.0
4,106,0.0
4,107,0.0
4,108,0.0
4,109,0.0
4,110,0.0
4,111,0.0
4,112,0.0
4,113,0.0
4,114,0.0
4,115,0.0
4,116,0.0
4,117,0.0
4,118,0.6602902374670184
4,119,0.6808661696840611
4,120,0.0
4,121,0.6660253326919994
4,122,0.0
4,123,0.0
4,124,0.0
4,125,0.0
4,126,0.0
4,127,0.0
4,128,0.0
4,129,0.0
5,30,0.6687661988286023
5,31,0.5916035631958669
5,32,0.6736785983022043
5,33,0.7704287605992952
5,34,0.6466480558813745
5,35,0.6218287981675795
5,36,0.5451724544004751
5,37,0.6098083555524496
5,38,0.5637963581222305
5,39,0.6280476153743849
5,40,0.6396243721918783
5,41,0.7073299911141633
5,42,0.7083553523796929
5,43,0.7799389065660647
5,44,0.7954498343618186
5,45,0.7489398715914456
5,46,0.73207490397087
5,47,0.7431608086071287
5,48,0.6648576030696866
5,49,0.6216315900277843
5,50,0.5563868416405952
5,51,0.5425729263363446
5,52,0.6635789639753787
5,53,0.6492472104926374
5,54,0.602007152245576
5,55,0.5398620800707069
5,56,0.6495398760968054
5,57,0.6211355636430947
5,58,0.620372055363657
5,59,0.595755782353115
5,60,0.5959273981820424
5,61,0.6555439507490787
5,62,0.6866740664602827
5,63,0.5928790782501797
5,64,0.6835978740262354
5,65,0.6299426643716975
5,66,0.6714631405700697
5,67,0.6352645348180996
5,68,0.6493468035606682
5,69,0.6533305262818994
5,70,0.6560486587429779
5,71,0.7135732340056148
5,72,0.6702811962570442
5,73,0.7208478754552524
5,74,0.6329025383883942
5,75,0.7100146031805648
5,76,0.794660682467399
5,77,0.7035283149803931
5,78,0.7374093729945145
5,79,0.830033050700972
5,80,0.7572296799958711
5,81,0.8276921094929436
5,82,0.7880801964607368
5,83,0.8123349607043355
5,84,0.8149135098875504
5,85,0.8002913400536698
5,86,0.8590077596586897
5,87,0.7748388698020502
5,88,0.6341643006140484
5,89,0.6567122702343897
6,30,0.6316273389637177
6,31,0.7409082748640518
6,32,0.6743438837556622
6,33,0.6778656594145968
6,34,0.681424413293665
6,35,0.6508821165234896
6,36,0.6783601999764058
6,37,0.740237125673383
6,38,0.6797985747196761
6,39,0.7677351114813442
6,40,0.7328599687683214
6,41,0.7767213609626299
6,42,0.7748439117935947
6,43,0.6373337373486601
6,44,0.6321275139203583
6,45,0.5873537127037997
6,46,0.7219251269536504
6,47,0.7502994466035559
6,48,0.7319019946572974
6,49,0.768407675431397
6,50,0.7798579406645376
6,51,0.6509581431112957
6,52,0.6509747595682386
6,53,0.6835138514893456
6,54,0.664803898507747
6,55,0.593406583018766
6,56,0.6835138887804998
6,57,0.6953919224050162
6,58,0.6852792175757839
6,59,0.7309146068991805
6,60,0.7238759762223473
6,61,0.6887755410614376
6,62,0.7191933947516159
6,63,0.0
6,64,0.7609982558631192
6,65,0.0
6,66,0.0
6,67,0.0
6,68,0.0
6,69,0.0
6,70,0.0
6,71,0.0
6,72,0.0
6,73,0.48010907772083006
6,74,0.4581704219251316
6,75,0.0
6,76,0.0
6,77,0.0
6,78,0.0
6,79,0.0
7,30,0
7,31,0
7,32,0
7,33,0.6508466766501555
7,34,0.5833537292602983
7,35,0.7265621455206087
7,36,0.7501865547970634
7,37,0.737343599398085
7,38,0.7269066403681789
7,39,0.76806640625
7,40,0.4551038940227552
7,41,0.838311553619581
7,42,0.7663043478260869
7,43,0.7745241581259151
7,44,0.807609860664523
7,45,0.7970604861503674
7,46,0.6623409669211195
7,47,0.6240239458615304
7,48,0.7581227436823105
7,49,0.7736237144585602
7,50,0.843813200956058
7,51,0.8090753424657534
7,52,0.7730093071354706
7,53,0.7729961423060437
7,54,0.7917561539732364
7,55,0.7581489613241007
7,56,0.7467847713141981
7,57,0.0
7,58,0.3985380116959064
7,59,0.0
7,60,0.0
7,61,0.0
7,62,0.0
7,63,0.5623471882640587
7,64,0.0
7,65,0.7505614721437369
7,66,0.7285429141716567
7,67,0.7585452556740497
7,68,0.7484626647144949
7,69,0.7627232142857143
7,70,0.7066291622320207
7,71,0.7077735497398462
7,72,0.2943077305493413
7,73,0.2112077112077112
7,74,0.8202323991797676
7,75,0.7880434782608695
7,76,0.0
7,77,0.0
7,78,0.0
7,79,0.8294494035863812
7,80,0.7146691931154271
7,81,0.7549019607843137
7,82,0.7192851824274014
7,83,0.6941736028537455
7,84,0.7329222391286938
7,85,0.7450657894736842
7,86,0.7562269580073734
7,87,0.7621009268795057
7,88,0.6858475894245724
7,89,0.7407407407407407
7,90,0.6594827586206896
7,91,0.6288377192982456
7,92,0.8236453201970443
7,93,0.788659793814433
7,94,0.8110192837465565
7,95,0.6854903002923199
7,96,0.0
7,97,0.0
7,98,0.0
7,99,0.7113194909578031
7,100,0.0
7,101,0.0
7,102,0.0
7,103,0.0
7,104,0.0
7,105,0.0
7,106,0.6587626854020296
7,107,0.0
7,108,0.0
7,109,0.0
8,30,0.5801845725230715
8,31,0.0
8,32,0.0
8,33,0.0
8,34,0.0
8,35,0.0
8,36,0.0
8,37,0.0
8,38,0.0
8,39,0.0
8,40,0.0
8,41,0.5347826086956522
8,42,0.6160289045820332
8,43,0.0
8,44,0.0
8,45,0.0
8,46,0.6423173803526449
8,47,0.5578518206101505
8,48,0.0
8,49,0.5841121495327103
8,50,0.6271604938271605
8,51,0.0
8,52,0.0
8,53,0.0
8,54,0.0
8,55,0.0
8,56,0.0
8,57,0.0
8,58,0.65
8,59,0.6118248175182481
8,60,0.0
8,61,0.0
8,62,0.0
8,63,0.0
8,64,0.0
8,65,0.8193384223918575
8,66,0.0
8,67,0.7925636007827789
8,68,0.8043052837573386
8,69,0.7597765363128491
8,70,0.7087741132545116
8,71,0.0
8,72,0.0
8,73,0.6842246707874228
8,74,0.6431924882629108
8,75,0.6353467561521253
8,76,0.0
8,77,0.0
8,78,0.6541133058389408
8,79,0.0
9,30,0.5897068403908795
9,31,0.6028359734287174
9,32,0.6719892735251097
9,33,0.6935195130683852
9,34,0.6043811347857314
9,35,0.6352163461538461
9,36,0.5870275314979001
9,37,0.5949119373776908
9,38,0.5793865319073922
9,39,0.5946601941747572
9,40,0.5779904306220096
9,41,0.583295298950251
9,42,0.6206896551724138
9,43,0.6420323325635104
9,44,0.5725921400936673
9,45,0.65439672801636
9,46,0.560567663456665
9,47,0.6457219251336899
9,48,0.5165474060822898
9,49,0.5672618491165747
9,50,0.5741260048607216
9,51,0.5762932638630442
9,52,0.5191160996141705
9,53,0.48398389637668476
9,54,0.5043133195307108
9,55,0.625164091689387
9,56,0.5749559082892416
9,57,0.589907604832978
9,58,0.5189603749467405
9,59,0.5293225959261014
9,60,0.617672621921777
9,61,0.6223606110732705
9,62,0.6433611884865367
9,63,0.5997369574747917
9,64,0.6195440291550132
9,65,0.5718884120171673
9,66,0.6471371504660453
9,67,0.6096048201311359
9,68,0.6487813588072493
9,69,0.5970304975922953
9,70,0.6122079760874696
9,71,0.0
9,72,0.0
9,73,0.0
9,74,0.5574920297555792
9,75,0.5953177257525084
9,76,0.5338731443994602
9,77,0.5368284228769498
9,78,0.6273814798404962
9,79,0.5628189011314058
10,30,0.7269885376866968
10,31,0.8124871636886424
10,32,0.8053840704382148
10,33,0.5451748132830834
10,34,0.6396856881293866
10,35,0.6590389016018307
10,36,0.6266526442307693
10,37,0.6889903602232369
10,38,0.6697054698457223
10,39,0.6548223350253807
10,40,0.6471494607087828
10,41,0.7447619047619047
10,42,0.6459441799682628
10,43,0.6619074281448302
10,44,0.6608854404381561
10,45,0.6691776522284997
10,46,0.6578304848273456
10,47,0.6068783068783069
10,48,0.6925531914893617
10,49,0.7020280811232449
10,50,0.5201592264805441
10,51,0.5504715796908136
10,52,0.6324509617215769
10,53,0.6055813083388044
10,54,0.6044803998155419
10,55,0.6365224540129483
10,56,0.5697596476108397
10,57,0.6198265668111943
10,58,0.745764411027569
10,59,0.6900726392251816
11,30,0.6026246719160105
11,31,0.5842239185750636
11,32,0.5371350520744408
11,33,0.5516795865633075
11,34,0.575139146567718
11,35,0.5575193798449612
11,36,0.5610188618410447
11,37,0.5833199421500884
11,38,0.5923000987166831
11,39,0.5391705069124424
11,40,0.5600965683738576
11,41,0.6073115270246633
11,42,0.5648854961832062
11,43,0.6787404441208591
11,44,0.6519453207150369
11,45,0.6752354788069074
11,46,0.7183154549066348
11,47,0.6911204268292683
11,48,0.6397058823529411
11,49,0.6511915269196823
11,50,0.5658655308792212
11,51,0.5248070562293274
11,52,0.5103948653550998
11,53,0.5082691759338466
11,54,0.5043751709051135
11,55,0.5195783132530121
11,56,0.5752123218655535
11,57,0.5240579710144928
11,58,0.48093457943925233
11,59,0.0
11,60,0.5886792452830188
11,61,0.5926246038605589
11,62,0.5141034727143869
11,63,0.5931914893617021
11,64,0.6135480288728484
11,65,0.6807843137254902
11,66,0.7062439340019411
11,67,0.6481089258698941
11,68,0.6771209032460405
11,69,0.653119542784569
11,70,0.6447000310848616
11,71,0.6909961112772959
11,72,0.7067351253397764
11,73,0.6831536388140161
11,74,0.5973451327433629
11,75,0.5154986522911051
11,76,0.6025199096636158
11,77,0.43104228923299825
11,78,0.47776774064036936
11,79,0.5152663249387118
11,80,0.5805796774557348
11,81,0.543970988213962
11,82,0.5720852486418722
11,83,0.49016612564445294
11,84,0.5557628117023365
11,85,0.5938194304180974
11,86,0.5577889447236181
11,87,0.0
11,88,0.5582615211689771
11,89,0.5587286527514231
11,90,0.5179814385150812
11,91,0.535147162941236
11,92,0.5597779675491034
11,93,0.5694547773408438
11,94,0.5846256833649448
11,95,0.5844185002245172
11,96,0.652656158785756
11,97,0.4933463161311263
11,98,0.5555262463729886
11,99,0.6246270141237319
12,57,0.0
12,58,0.0
12,59,0.0
12,60,0.0
12,61,0.0
12,62,0.0
12,63,0.0
12,71,0.0
12,72,0.0
12,73,0.26135711350606483
12,74,0.7111001601576937
12,75,0.718319403659363
12,76,0.6807990216061965
12,77,0.7127272727272728
12,78,0.6958278614001414
12,79,0.6428782943440924
12,80,0.310142671580533
12,81,0.2113040888758186
12,82,0.08833043045533714
12,83,0.0
12,84,0.0
12,85,0.0
12,86,0.0
12,87,0
12,88,0
12,89,0
12,91,0
12,93,0
12,94,0
12,95,0
12,96,0
12,97,0
12,98,0
12,99,0
13,30,0.5974946431514752
13,31,0.6390220517737296
13,32,0.0
13,33,0.0
13,34,0.0
13,35,0.47005556911626273
13,36,0.0
13,37,0.6675031367628608
13,38,0.6312217194570136
13,39,0.05674978503869303
13,40,0.43016537158796575
13,41,0.5046463547625571
13,42,0.13040822559299603
13,43,0.6133314700950252
13,44,0.0
13,45,0.0
13,46,0.0
13,47,0.0
13,48,0.0
13,49,0.0
13,50,0.43348150438588356
13,51,0.5009669954386271
13,52,0.0
13,53,0.46465296620229773
13,54,0.44794133720299617
13,55,0.09728781540952638
13,56,0.4454444680343977
13,57,0.4459158118092279
13,58,0.7228915662650602
13,59,0.7089262613195343
13,60,0.4246259430417125
13,61,0.0
13,62,0.0
13,63,0.7569086113977754
13,64,0.7207722174288179
13,65,0.717948717948718
13,66,0.6547231406269333
13,67,0.7016049787094661
13,68,0.6592899953895804
13,69,0.7283490462617846
13,70,0.745978340868468
13,71,0.7308529381283034
13,72,0.7349256900212314
13,73,0.6848325673013789
13,74,0.0
13,75,0.0
13,76,0.6156824114101118
13,77,0.0
13,78,0.0
13,79,0.5809346378533746
14,30,0
14,31,0.0
14,32,0.0
14,33,0.0
14,34,0.0
14,35,0.0
14,36,0.0
14,37,0.0
14,38,0.0
14,39,0.0
14,40,0.7633797294648108
14,41,0.746688077077479
14,42,0.0
14,43,0.0
14,44,0.0
14,45,0.0
14,46,0.0
14,47,0.012454592631032694
14,48,0.0
14,49,0.5458715596330275
14,50,0.597913561847988
14,51,0.0
14,52,0.5205997392438071
14,53,0.4451587509839937
14,54,0.46586345381526106
14,55,0.0
14,56,0.0
14,57,0.5646666666666667
14,58,0.0
14,59,0.0
14,60,0.0
14,61,0
14,62,0
14,63,0
14,64,0
14,65,0
14,66,0
14,67,0
14,68,0
14,69,0
14,70,0
14,71,0
14,72,0
14,73,0
14,74,0
14,75,0
14,76,0
14,77,0
14,78,0
14,79,0
14,80,0
14,81,0
14,82,0
14,83,0
14,84,0
14,85,0
14,86,0
14,87,0
14,88,0
14,89,0
14,90,0
14,91,0
14,92,0
14,93,0
14,94,0
14,95,0
14,96,0
14,97,0
14,98,0
14,99,0
15,30,0.5742108797850907
15,31,0.5604201680672269
15,32,0.5374015748031497
15,33,0.5503896103896104
15,34,0.5529193697868396
15,35,0.5229965156794425
15,36,0.5590316573556797
15,37,0.592638036809816
15,38,0.5631820792647904
15,39,0.5278312620339577
15,40,0.5410500352360817
15,41,0.5231609993060374
15,42,0.5559971098265896
15,43,0.5119004360465116
15,44,0.5074349442379182
15,45,0.515233644859813
15,46,0.5093823668081093
15,47,0.568326577880718
15,48,0.5514212396367943
15,49,0.5438562782207705
15,50,0.5144385026737968
15,51,0.5118140243902439
15,52,0.5402548371873526
15,53,0.5500946969696969
15,54,0.5280974949221394
15,55,0.5016077170418006
15,56,0.5720178009334635
15,57,0.5757080610021786
15,58,0.49123571039738706
15,59,0.5531246493885336
15,60,0.6026831785345718
15,61,0.5701983002832861
15,62,0.5403925148334094
15,63,0.5696173873669912
15,64,0.5429931253305129
15,65,0.4452386190858324
15,66,0.5538190622936385
15,67,0.407818498382286
15,68,0.5342417889587701
15,69,0.5686178061977374
16,30,0.0
16,31,0.0
16,32,0.0
16,33,0.6639984381101133
16,34,0.0
16,35,0.0
16,36,0.6883838383838384
16,37,0.6472148541114059
16,38,0.6710319539025668
16,39,0.6583954601090464
16,40,0.6583954601090464
16,41,0.6816222348269995
16,42,0.6221122112211221
16,43,0.6373078520980474
16,44,0.6491702741702742
16,45,0.0
16,46,0.6452844597174494
16,47,0.5719720989220038
16,48,0.6039784136546185
16,49,0.0
17,38,0.0
17,39,0.0
17,40,0.0
17,41,0.0
17,42,0.0
17,43,0.0
17,44,0.0
17,45,0.0
17,46,0.0
17,47,0.0
17,48,0.0
17,49,0.6905208822149226
17,50,0.7058392377229417
17,51,0.0
17,52,0.8036292935839274
17,53,0.0
17,54,0.0
17,57,0.6637037037037037
17,58,0.0
17,59,0.6547619047619048
17,60,0.0
17,61,0.0
17,62,0.0
17,63,0.0
17,64,0.0
17,65,0.0
17,66,0.0
17,67,0.0
17,68,0.0
17,69,0.0
17,70,0.6319060773480663
17,71,0.6106194690265486
17,72,0.5833333333333334
17,73,0.6464549246069939
17,74,0.0
17,75,0.0
17,76,0.0
17,77,0.0
17,78,0.0
17,79,0.0
17,80,0.0
17,81,0.0
17,82,0.0
17,83,0.0
17,84,0.0
17,85,0.0
17,86,0.0
17,87,0.0
17,88,0.0
17,89,0.0
17,90,0.0
17,91,0.0
17,92,0.0
17,93,0.7031691712542777
17,94,0.7024793388429752
17,95,0.7349007461635928
17,96,0.0
17,97,0.6890286512928022
17,98,0.7498216069644641
17,99,0.0
18,30,0.6200600542425416
18,31,0.6000096394833236
18,32,0.5878550392086499
18,33,0.620004076739646
18,34,0.6020807952596516
18,35,0.6093240883489679
18,36,0.6735249768957634
18,37,0.6566217287866772
18,38,0.6383744311567362
18,39,0.7917093450623607
18,40,0.7918728352300841
18,41,0.7411891768985903
18,42,0.6323303913986318
18,43,0.6632570968854155
18,44,0.6291371501567762
18,45,0.5269686859492168
18,46,0.7326007326007326
18,47,0.7237250554323725
18,48,0.7271619975639464
18,49,0.6915949702183984
18,50,0.7163803937997486
18,51,0.6504279131007241
18,52,0.690384024577573
18,53,0.7026974577915778
18,54,0.686307624945268
18,55,0.6355670739232383
18,56,0.0
18,57,0.0
18,58,0.0
18,59,0.6375847852107993
18,60,0.6568317527221637
18,61,0.6376408401724858
18,62,0.6406743940990516
18,63,0.4437495981467039
18,64,0.44386023015991544
18,65,0.6452778379940747
18,66,0.0
18,67,0.0
18,68,0.7387684692117303
18,69,0.0
19,30,0.5283514457160884
19,31,0.6024762227749558
19,32,0.5994443839662226
19,33,0.6294708888791677
19,34,0.6254759249666021
19,35,0.656585383738282
19,36,0.6956365620758319
19,37,0.6678925656341542
19,38,0.0
19,39,0.6287456990870404
19,40,0.6106172623574998
19,41,0.0
19,42,0.5807980530957699
19,43,0.0
19,44,0.6402612502851122
19,45,0.685739657130992
19,46,0.6733188726966183
19,47,0.6883058070802107
19,48,0.6479824544937315
19,49,0.6060172211522746
19,50,0.6463908330599363
19,51,0.0
19,52,0.622111437696986
19,53,0.5819116025535283
19,54,0.5929404577637957
19,55,0.590415672386316
19,56,0.5599303285022164
19,57,0.5225320835673011
19,58,0.5445690685393579
19,59,0.653852951572994
19,60,0.6471143126661522
19,61,0.6046819297964494
19,62,0.559767155312266
19,63,0.5471701900626517
19,64,0.6030301502279498
19,65,0.5702136792391467
19,66,0.5745854846457977
19,67,0.5905475682751634
19,68,0.5453438227924872
19,69,0.6639816252208931
19,70,0.5272072072072073
19,71,0.5191932945151416
19,72,0.5848853868194842
19,73,0.5392285804021523
19,74,0.5565435251372971
19,75,0.6890403775563713
19,76,0.5776578339394475
19,77,0.6415322580645161
19,78,0.0
19,79,0.6126687055242346
20,36,0.0
20,37,0.0
20,38,0.0
20,39,0.0
20,40,0.2549056251168006
20,41,0.0
20,42,0.0
20,43,0.0
20,44,0.0
20,45,0.0
20,75,0.0
20,76,0.2313060817547358
20,77,0.28071481757259864
20,78,0.0
20,79,0.0
20,80,0.33687405159332323
20,81,0.35038363171355497
20,82,0.30394304490690033
20,83,0.32969385570541637
20,84,0.0
20,85,0.0
20,86,0.0
20,87,0.0
20,88,0.23366784730421095
20,89,0.0
20,90,0.0
20,91,0.0
20,92,0.2745385787661568
20,93,0.0
20,94,0.39925925925925926
20,95,0.011018515289933401
20,96,0.0
20,97,0.0
20,98,0.0
20,99,0.3539702374190617
21,30,0.7208836804368665
21,31,0.6777344025038099
21,32,0.7280408167197127
21,33,0.6416348840157421
21,34,0.6715098501669751
21,35,0.6482031078169925
21,36,0.6217862384552763
21,37,0.554031060190244
21,38,0.5396182277796063
21,39,0.6255236230193703
21,40,0.6700140760734236
21,41,0.6416348840157421
21,42,0.0
21,43,0.0
21,44,0.0
21,45,0.0
21,46,0.0
21,47,0.0
21,48,0.0
21,49,0.0
21,50,0.0
21,51,0.0
21,52,0.0
21,53,0.0
21,54,0.0
21,55,0.0
21,56,0.7603615162664242
21,57,0.0
21,58,0.0
21,59,0.7275825380197375
21,60,0.7542597111647653
21,61,0.7703116047617442
21,62,0.6660149082879199
21,63,0.6817069237803461
21,64,0.6915737001890803
21,65,0.6355236303295747
21,66,0.6982287321367147
21,67,0.6904597925190799
21,68,0.7197754761228574
21,69,0.7080367392273381
22,30,0.7307692307692307
22,31,0.7572879135276777
22,32,0.7683932695480039
22,33,0.767203513909224
22,34,0.7639813581890812
22,35,0.7181153533712429
22,36,0.728
22,37,0.7589158345221113
22,38,0.7289540816326531
22,39,0.6662587947384522
22,40,0.7417729024607175
22,41,0.7009789380005933
22,42,0.6842105263157895
22,43,0.673557278208441
22,44,0.6964800923254472
22,45,0.6819364161849711
22,46,0.6799116997792495
22,47,0.6900550884314294
22,48,0.6851261235140621
22,49,0.7374890254609306
22,50,0.711864406779661
22,51,0.7247693399574167
22,52,0.6886751202448622
22,53,0.7480642386005162
22,54,0.7275226835303822
22,55,0.6859981205530944
22,56,0.6796116504854369
22,57,0.7554980595084088
22,58,0.7794697484704283
22,59,0.7611940298507462
22,60,0.688655355786275
22,61,0.7400881057268722
22,62,0.7105960264900663
22,63,0.7367336424523442
22,64,0.6905554133606348
22,65,0.7230769230769231
22,66,0.6930387875674288
22,67,0.635271032622026
22,68,0.7319298245614035
22,69,0.704095720202485
22,70,0.7192060712200817
22,71,0.6942479962281942
22,72,0.6788060389535554
22,73,0.717131935595969
22,74,0.7058488199749173
22,75,0.635646032405484
22,76,0.6700475435816164
22,77,0.6628369421122404
22,78,0.6697393515575334
22,79,0.6634960896216445
23,30,0.0
23,31,0.0
23,32,0.0
23,33,0.0
23,34,0.0
23,35,0.0
23,36,0.0
23,37,0.0
23,38,0.0
23,39,0.0
23,40,0.0
23,41,0.0
23,42,0.0
23,43,0.0
23,44,0.0
23,45,0.0
23,46,0.0
23,47,0.0
23,48,0.0
23,49,0.11609581844925404
23,50,0.0
23,51,0.0
23,52,0.0
23,53,0.0
23,54,0.0
23,55,0.0
23,56,0.0
23,57,0.625801282051282
23,58,0.6213942307692307
23,59,0.6802721088435374
23,60,0.8123456790123457
23,61,0.8125933831376734
23,62,0.8290331726679898
23,63,0.7960028551034976
23,64,0.7725083364208967
23,65,0.7624342154028612
23,66,0.7379598028062192
23,67,0.7585840976275298
23,68,0.6852175293744046
23,69,0.6879310344827586
23,70,0.0
23,71,0.6755424063116371
23,72,0.6526981040350024
23,73,0.5704622322435174
23,74,0.6863580998781973
23,75,0.6943718592964824
23,76,0.6369710467706013
23,77,0.7220528954871694
23,78,0.7220528954871694
23,79,0.8054242126862343
23,80,0.7794340801571008
23,81,0.8577302631578947
23,82,0.7368872864623572
23,83,0.7052742104838058
23,84,0.7786853364449631
23,85,0.7355300859598853
23,86,0.7589597902097902
23,87,0.6768339346233738
23,88,0.0
23,89,0.0
23,90,0.6666666666666666
23,91,0.6401459134378389
23,92,0.6209393543196219
23,93,0.7562699044585988
23,94,0.5027922561429635
23,95,0.6482861400894188
23,96,0.5316824471959214
23,97,0.5297532656023222
23,98,0.5863044708545557
23,99,0.5783814374646293
23,100,0.6385714285714286
23,101,0.6648745519713262
23,102,0.6414145791800294
23,103,0.7334447849911767
23,104,0.7455012853470437
23,105,0.8073794881967864
23,106,0.7131372363567577
23,107,0.0
23,108,0.0
23,109,0.7239484252800676
23,110,0.6829737235633412
23,111,0.670372312532774
23,112,0.6391096979332274
23,113,0.6900802418885917
23,114,0.561357428031099
23,115,0.0
23,116,0.0
23,117,0.02017982017982018
23,118,0.020102790970008458
23,119,0.0
23,120,0.0
23,121,0.0
23,122,0.0
23,123,0.0
23,124,0.0
23,125,0.0
23,126,0.0
23,127,0.0
23,128,0.0
23,162,0.0
23,163,0.0
23,164,0.0
23,165,0.0
23,166,0.0
23,167,0.0
23,168,0.0
23,169,0.0
23,170,0.0
23,171,0.0
23,172,0.0
23,173,0.0
23,174,0.0
23,175,0.0
23,176,0.0
23,177,0.6204298692665633
23,178,0.0
23,179,0.0
24,36,0.0
24,37,0.8742467906733037
24,38,0.7916170584424447
24,39,0.8394089786724501
24,40,0.7981734648500483
24,41,0.8357466540756038
24,42,0.7921852629617306
24,43,0.9218177167703981
24,44,0.895181236673774
24,45,0.8918040399349896
24,46,0.8452132187911152
24,47,0.8699984901102219
24,48,0.8767798045101208
24,49,0.9286735637984692
24,50,0.7723486587525414
24,51,0.8504187120993358
24,52,0.8279546603133348
24,53,0.6336729385145803
24,54,0.6414850528379299
24,55,0.6593250347061677
24,56,0.7925398155909472
24,57,0.7959312521922133
24,58,0.8066917184564243
24,59,0.0
24,60,0.0
24,61,0.8959156785243741
24,62,0.8388504611330698
24,63,0.8596373404969778
24,64,0.8257776307081403
24,65,0.7588756364650904
24,66,0.7426239799121155
24,67,0.7940904893813481
24,68,0.7543103448275862
24,69,0.7328556806550666
24,70,0.713500937116267
24,71,0.6720575022461814
24,72,0.6756513926325247
24,73,0.6724867409570348
24,74,0.6506706408345753
24,75,0.6974428325547086
24,76,0.6984880116404125
24,77,0.7141570141570142
24,78,0.7155126140633387
24,79,0.7205056179775281
24,80,0.7462838082807628
24,81,0.7376165501165501
24,82,0.7545454545454545
24,83,0.741969696969697
24,84,0.7222800083211982
24,85,0.6944538727852827
24,86,0.0
24,87,0.0
24,88,0.6214965946305173
24,89,0.0
25,30,0.0
25,31,0.0
25,32,0.0
25,33,0.0
25,34,0.0
25,35,0.0
25,36,0.0
25,37,0.0
25,38,0.0
25,39,0.0
25,40,0.0
25,41,0.0
25,42,0.0
25,43,0.0
25,44,0.0
25,45,0.0
25,46,0.0
25,47,0.0
25,48,0.0
25,49,0.0
25,50,0.0
25,51,0.0
25,52,0.0
25,53,0.0
25,54,0.0
25,55,0.0
25,56,0.0
25,57,0.0
25,58,0.0
25,59,0.0
25,60,0.0
25,61,0.0
25,62,0.0
25,63,0.0
25,64,0.0
25,65,0.0
25,66,0.0
25,67,0.0
25,68,0.0
25,69,0.0
25,70,0.0
25,71,0.0
25,72,0.0
25,73,0.0
25,74,0.0
25,75,0.0
25,76,0.0
25,77,0.0
25,78,0.0
25,79,0.0
25,80,0.0
25,81,0.0
25,82,0.0
25,83,0.0
25,84,0.0
25,85,0.0
25,86,0.0
25,87,0.0
25,88,0.0
25,89,0.0
26,30,0.74948082699188
26,31,0.8622739158546877
26,32,0.776416203685889
26,33,0.7567775926162676
26,34,0.7661547390300221
26,35,0.7634388603447322
26,36,0.7680587687123492
26,37,0.7083393553981789
26,38,0.700101170689406
26,39,0.7515518311607697
26,40,0.7425512104283054
26,41,0.7566971080669711
26,42,0.8279593906682662
26,43,0.7536826144430365
26,44,0.7740438054041028
26,45,0.756994965922576
26,46,0.735081492981975
26,47,0.764484752701254
26,48,0.660934262423366
26,49,0.73825498294579
26,50,0.6689400742314535
26,51,0.6816096626403725
26,52,0.6858201796404839
26,53,0.6451761701021113
26,54,0.6976352351418142
26,55,0.7025296230347587
26,56,0.5851810347833363
26,57,0.6544988246782625
26,58,0.6381670320454638
26,59,0.790215628032549
26,60,0.7916473929921739
26,61,0.7439707296466846
26,62,0.7826899868498742
26,63,0.7830742756642299
26,64,0.7562039676997238
26,65,0.8122916032467058
26,66,0.8303615143111766
26,67,0.7874955748053185
26,68,0.8042158720377254
26,69,0.8248016082602734
26,70,0.8387738007502875
26,71,0.7882419822467496
26,72,0.86544906556507
26,73,0.871913204755862
26,74,0.8242770879262297
26,75,0.7974269931935812
26,76,0.8291851176627807
26,77,0.8859027263513658
26,78,0.5891765964906894
26,79,0.558665324751569
26,80,0.5165968666749168
26,81,0.5174348876416219
26,82,0.4500892560454496
26,83,0.4936462808240415
26,84,0.6041037606966092
26,85,0.0
26,86,0.6782148173888185
26,87,0.6809807809487445
26,88,0.737823966642525
26,89,0.7594429871455304
26,90,0.7170981922963398
26,91,0.7933506328261358
26,92,0.6983912450919397
26,93,0.7223161372651897
26,94,0.5691145465718463
26,95,0.5748386212046875
26,96,0.5341399934183331
26,97,0.5446439636016339
26,98,0.3626993299549719
26,99,0.3437082596810403
26,100,0.3829170352593298
26,101,0.6287251558803274
26,102,0.612287896903064
26,103,0.5534247397547557
26,104,0.5701951864139907
26,105,0.5224382853314009
26,106,0.5688747751682308
26,107,0.5237673676812561
26,108,0.5113790126855362
26,109,0.4998171766835265
26,110,0.4390327324519156
26,111,0.49550408985230315
26,112,0.47944042431078016
26,113,0.4470085589430201
26,114,0.6037093043143877
26,115,0.5314849085080933
26,116,0.5962640563007495
26,117,0.5059612976123984
26,118,0.6124796706091
26,119,0.4173629044508583
26,120,0.4054382500379766
26,121,0.46478588117361685
26,122,0.450682661519729
26,123,0.8033552918312453
26,124,0.8083365444659264
26,125,0.6924963012704468
26,126,0.8343667734069512
26,127,0.7259860079512309
26,128,0.6884296034443936
26,129,0.6981183690552364
26,130,0.7027652932973885
26,131,0.7182593680387408
26,132,0.7945407687888513
26,133,0.7315358583458009
26,134,0.6732009551024484
26,135,0.8273717668824829
26,136,0.7227237216958048
26,137,0.6426001944467572
26,138,0.7285624902509614
26,139,0.7110075086607945
26,140,0.7070999135236786
26,141,0.7915239999145236
26,142,0.8041577173997786
26,143,0.7101195101323283
26,144,0.7810505132282294
26,145,0.7535314448205505
26,146,0.7227211391843422
26,147,0.5714170996699168
26,148,0.5180852687583046
26,149,0.5613391409180888
26,150,0.548309579427981
26,151,0.5457463870036975
26,152,0.584835071474021
26,153,0.584835071474021
26,154,0.5728735068273646
26,155,0.48014748711266736
26,156,0.5194602887487236
26,157,0.5555720472051097
26,158,0.5882527558642338
26,159,0.5728735988481753
26,160,0.5357073027260342
26,161,0.566465616758151
26,162,0.5592032370561234
26,163,0.6320256687122376
26,164,0.6221089765674231
26,165,0.6578861612424981
26,166,0.571861609933686
26,167,0.6492464025402246
26,168,0.6694747192599553
26,169,0.6104679326839633
26,170,0.6334594594986672
26,189,0.22672674810518872
26,190,0.1039121291408306
26,191,0.0657784848456479
26,192,0.0
26,193,0.0
26,194,0.0
26,195,0.0
26,196,0.0
26,197,0.0
26,198,0.0
26,199,0.0
26,200,0.0
26,201,0.0
26,202,0.0
26,203,0.0
26,204,0.0
26,205,0.0
26,206,0.0
26,207,0.0
26,208,0.0
26,209,0.0
26,210,0.0
26,211,0.0
26,212,0.0
26,213,0.0
26,214,0.0
26,215,0.0
26,216,0.0
26,217,0.0
26,218,0.0
26,219,0.0
27,30,0.0
27,31,0.6672092521286346
27,32,0.2903364301998612
27,33,0.8103085727222558
27,34,0.8748193353486673
27,35,0.8197288989132426
27,36,0.6694439545112079
27,37,0.6786487675156099
27,38,0.5227809915682122
27,39,0.4889390519187359
27,40,0.31191834548329206
27,41,0.573044292876526
27,42,0.6625085001783293
27,43,0.0
27,44,0.0
27,45,0.0
27,46,0.0
27,47,0.5824848562959144
27,48,0.6088010883066186
27,49,0.6225096120237679
27,50,0.617780809458845
27,51,0.4399151284105414
27,52,0.6626865671641791
27,53,0.7042830755021935
27,54,0.8174563591022443
27,55,0.814663951120163
27,56,0.8361320208453966
27,57,0.0
27,58,0.5606671554252199
27,59,0.5196678321678322
27,60,0.0
27,61,0.0
27,62,0.0
27,63,0.0
27,64,0.0
27,65,0.6502682192856208
27,66,0.5155947511624384
27,67,0.47681438671042126
27,68,0.4762655691168014
27,69,0.45874142340710555
27,70,0.526387667104175
27,71,0.0
27,72,0.5985742750287945
27,73,0.550479839779319
27,74,0.5173257492361478
27,75,0.528502123654674
27,76,0.47052581811770455
27,77,0.6877370417193426
27,78,0.45893437451439556
27,79,0.4376270698137539
28,30,0
28,31,0
28,32,0
28,33,0
28,34,0.0
28,35,0.0
28,36,0.0
28,37,0.0
28,38,0.0
28,39,0.0
28,40,0.0
28,41,0.0
28,42,0.0
28,43,0.0
28,44,0.0
28,45,0.0
28,46,0.0
28,47,0.0
28,48,0.0
28,49,0.0
28,50,0.0
28,51,0.0
28,52,0.0
28,53,0.0
28,54,0.0
28,55,0.0
28,56,0.0
28,57,0.0
28,58,0.0
28,59,0.0
28,60,0.0
28,61,0.0
28,62,0.0
28,63,0.0
28,64,0.0
28,65,0.0
28,66,0.0
28,67,0.0
28,68,0.0
28,69,0.0
28,70,0.0
28,71,0.0
28,72,0.0
28,73,0.0
28,74,0.0
28,75,0.0
28,76,0.0
28,77,0.0
28,78,0.0
28,79,0
28,80,0
28,81,0
28,82,0
28,83,0
28,84,0
28,85,0
28,86,0
28,87,0
28,88,0
28,89,0
28,90,0
28,91,0
28,92,0
28,93,0
28,94,0
28,95,0
28,96,0
28,97,0
28,98,0
28,99,0
28,100,0
28,101,0
28,102,0
28,103,0
28,104,0
29,30,0.0
29,31,0.0
29,32,0.0
29,33,0.0
29,34,0.0
29,35,0.0
29,36,0.0
29,37,0.0
29,38,0.0
29,39,0.0
29,40,0.0
29,41,0.7550331541159464
29,42,0.708143160312533
29,43,0.0
29,44,0.0
29,45,0.0
29,46,0.0
29,47,0.0
29,48,0.0
29,49,0.0
29,50,0.0
29,51,0.0
29,52,0.0
29,53,0.0
29,54,0.0
29,55,0.0
29,56,0.0
29,57,0.721644801416398
29,58,0.7268032973015469
29,59,0.6642181722372625
29,60,0.6292113295756216
29,61,0.576595890414029
29,62,0.5961623195322706
29,63,0.5780777909192559
29,64,0.6171511104169961
29,65,0.5878612861154623
29,71,0.5830686870606897
29,72,0.6209016427079118
29,84,0.0
29,85,0.6891645910113426
29,86,0.0
29,87,0.0
29,88,0.0
29,89,0.0
29,90,0.0
29,91,0.0
29,92,0.0
29,93,0.0
29,94,0.0
29,95,0.0
29,96,0.0
29,97,0.8834125133273578
29,98,0.7834117888824913
29,99,0.0
30,30,0
30,31,0
30,32,0
30,33,0
30,34,0
30,35,0
30,36,0
30,37,0
30,38,0
30,39,0
30,40,0
30,41,0
30,42,0
30,43,0
30,44,0
30,45,0
30,46,0
30,47,0
30,48,0
30,49,0.4490154174935124
30,50,0.4516814668755193
30,51,0.44099892415369224
30,52,0.43534062031138576
30,53,0.4599298700943473
30,54,0.3596002175686701
30,55,0.3660240652089533
30,56,0.49191026504637214
30,57,0.5404089581304771
30,58,0.5106351312236954
30,59,0.6239795230802616
30,60,0.702791006462258
30,61,0.6518724335577127
30,62,0.6824690981120188
30,63,0.6853523283011574
30,64,0.6121663210358945
30,65,0.6446752448110888
30,66,0.6554553026148825
30,67,0.6531134118736214
30,68,0.6421630342739327
30,69,0.6272720129189452
30,70,0.6217346336449874
30,71,0.5682777834117978
30,72,0.5746799880419354
30,73,0.5717039418099438
30,74,0.5882740953212852
30,75,0.5891701897153906
30,76,0.53368468341545
30,77,0.5334666714217112
30,78,0.5242631493242143
30,79,0.5529310734660136
30,80,0.642219387755102
30,81,0.6169823861748089
30,82,0.7313432835820896
30,83,0.7128218836318275
30,84,0.6800190748688603
30,85,0.6909142640364189
30,86,0.7007341023929832
30,87,0.6999712340588743
30,88,0.6753246753246753
30,89,0.5429800019871944
31,30,0.0
31,31,0.0
31,32,0.0
31,33,0.0
31,34,0.7098124581379772
31,35,0.0
31,36,0.6590189873417721
31,37,0.0
31,38,0.0
31,39,0.0
31,40,0.0
31,41,0.0
31,42,0.0
31,43,0.0
31,44,0.0
31,45,0.0
31,46,0.0
31,47,0.0
31,48,0.0
31,49,0.0
31,50,0.0
31,51,0.0
31,52,0.0
31,53,0.587783947501262
31,54,0.6030297145076714
31,55,0.6201936906702464
31,56,0.6316461080391322
31,57,0.5977443609022557
31,58,0.0
31,59,0.0
31,60,0.5057911695549944
31,61,0.5142316622237509
31,62,0.0
31,63,0.5430606518454565
31,64,0.7140241669718052
31,65,0.6911850554582604
31,66,0.0
31,67,0.0
31,68,0.6887755102040817
31,69,0.6989795918367347
31,70,0.7516339869281046
31,71,0.7408963585434174
31,72,0.0
31,73,0.0
31,74,0.6305823209049015
31,75,0.8657607576693432
31,76,0.7253333333333334
31,77,0.5556173526140156
31,78,0.6329690346083788
31,79,0.5770719489981785
31,80,0.6475918570009931
31,81,0.6211519364448858
31,82,0.5745215965008201
31,83,0.6723892837616183
31,84,0.6536426536426536
31,85,0.63003663003663
31,86,0.6377307612528521
31,87,0.7751574268428201
31,88,0.6563446650959273
31,89,0.6444121915820029
31,90,0.0
31,91,0.0
31,92,0.0
31,93,0.0
31,94,0.6129301107274675
31,95,0.5932041158171811
31,96,0.0
31,97,0.0
31,98,0.0
31,99,0.0
32,30,0.0
32,31,0.7052012326080866
32,32,0.0
32,33,0.0
32,34,0.0
32,35,0.0
32,36,0.0
32,37,0.0
32,38,0.0
32,39,0.0
32,40,0.0
32,41,0.6877323420074349
32,42,0.6931995020230315
32,43,0.7017543859649122
32,44,0.7221629313411597
32,45,0.65344114328695
32,46,0.6640522875816993
32,47,0.5744542196155099
32,48,0.5553899652260308
32,49,0.0
32,50,0.0
32,51,0.05906270062058635
32,52,0.06582974529231726
32,53,0.6709314227226203
32,54,0.6747297992794647
32,55,0.5192307692307693
32,56,0.0
32,57,0.5473375876137672
32,58,0.0
32,59,0.4841549295774648
32,60,0.4518026358784446
32,61,0.41709755256807995
32,62,0.4418658621489905
32,63,0.0
32,64,0.5859442060085837
32,65,0.5590277777777778
32,66,0.0
32,67,0.0
32,68,0.0
32,69,0.0
32,70,0.0
32,71,0.0
32,72,0.0
32,73,0.0
32,75,0.0
32,76,0.0
32,77,0.0
32,78,0.0
32,79,0.0
33,30,0.7836644591611479
33,31,0.7909604519774012
33,32,0.7990206514796678
33,33,0.0
33,34,0.0
33,35,0.0
33,36,0.6329993054866554
33,37,0.5832724235146706
33,38,0.6221770551038843
33,39,0.0
33,40,0.0
33,41,0.0
33,42,0.6889855687606112
33,43,0.6937566137566138
33,44,0.506896551724138
33,45,0.5523329129886507
33,46,0.5813953488372093
33,47,0.5082880823010802
33,48,0.6519713235449666
33,49,0.7176040491871503
33,50,0.0
33,51,0.0
33,52,0.717789681420919
33,53,0.800180980585719
33,54,0.9084076022763878
33,55,0.45556458313578313
33,56,0.0
33,57,0.4234314455821794
33,58,0.6881012658227849
33,59,0.826512766701644
33,60,0.7318797878609311
33,61,0.6815642458100558
33,62,0.6188316884502534
33,63,0.6591352859135285
33,64,0.7332621082621082
33,65,0.7315060418508694
33,66,0.7040599909104681
33,67,0.6505843852267414
33,68,0.6755452615325227
33,69,0.1960165579221805
33,70,0.15512959365755466
33,71,0.3018902202484501
33,72,0.11136548260837456
33,73,0.5784544060431037
33,74,0.01905147952979327
33,75,0.683078699324871
33,76,0.7631675273710297
33,77,0.032665463868578486
33,78,0.006526468455402465
33,79,0.6819470699432892
34,30,0.7070707070707071
34,31,0.7295019157088123
34,32,0.7187919463087248
34,33,0.7409395973154362
34,34,0.681993681993682
34,35,0.6929752066115702
34,36,0.507895860008536
34,37,0.5935737061564876
34,38,0.5621155160628845
34,39,0.4228940662860123
34,40,0.7076663858466723
34,41,0.6629834254143646
34,42,0.5985352862849534
34,43,0.5946218487394958
34,44,0.5600137146668795
34,45,0.5432411834249449
34,46,0.4709092968331327
34,47,0.0
34,48,0.3764601165987063
34,49,0.41612483745123535
34,50,0.4486002753556677
34,51,0.4648879648879649
34,52,0.499457111834962
34,53,0.5737950304360843
34,54,0.6417785234899329
34,55,0.6020066889632107
34,56,0.624512929507616
34,57,0.44091748368668815
34,58,0.4365598224324407
34,59,0.5457991156032849
34,60,0.30490158203862167
34,61,0.4351589315027608
34,62,0.5476042314872434
34,63,0.0
34,64,0.6843398422345791
34,65,0.5999313579681959
34,66,0.10304251307212527
34,67,0.10204233273395251
34,68,0.6495016611295681
34,69,0.6522354845235687
34,70,0.7153075822603719
34,71,0.6170970614425646
34,72,0.36302122803985576
34,73,0.6193200942443622
34,74,0.6069118147769833
34,75,0.45941345902068603
34,76,0.5313570683747951
34,77,0.6841379310344827
34,78,0.47288715192965314
34,79,0.4703389830508475
34,80,0.3613676282139313
34,81,0.0
34,82,0.0
34,83,0.6149169031211998
34,84,0.5233522479266696
34,85,0.44699367088607594
34,86,0.3944591029023747
34,87,0.4115025161754134
34,88,0.549502870746394
34,89,0.5185708233300381
34,90,0.5482906538411543
34,91,0.4919093851132686
34,92,0.5143485163023568
34,93,0.553086997193639
34,94,0.5227400271785758
34,95,0.0
34,96,0.5987334484743811
34,97,0.5572361088998568
34,98,0.5064201335387776
34,99,0.4705117085862966
35,30,0.0
35,31,0.0
35,32,0.0
35,33,0.0
35,34,0.0
35,35,0.0
35,36,0.0
35,37,0.0
35,38,0.0
35,39,0.0
35,40,0.0
35,41,0.0
35,42,0.0
35,43,0.0
35,44,0.0
35,45,0.0
35,46,0.0
35,47,0.0
35,48,0.0
35,49,0.0
35,50,0.0
35,51,0.0
35,52,0.0
35,53,0.0
35,54,0.0
35,55,0.0
35,56,0.0
35,57,0.0
35,58,0.0
35,59,0.0
35,60,0.0
35,61,0.0
35,62,0.0
35,63,0.0
35,64,0.0
35,65,0.0
35,66,0.0
35,67,0.0
35,68,0.5448483544848355
35,69,0.5661103979460848
35,70,0.0
35,71,0.0
35,72,0.6338471217363951
35,73,0.0
35,74,0.0
35,75,0.0
35,76,0.0
35,77,0.0
35,78,0.0
35,79,0.0
35,80,0.0
35,81,0.0
35,82,0.0
35,83,0.0
35,84,0.3420988301030208
35,85,0.0
35,86,0.0
35,87,0.0
35,88,0.09732427561347567
35,89,0.08475146297168225
35,90,0.0
35,91,0.0
35,92,0.0
35,93,0.0
35,94,0.0
35,95,0.0
35,96,0.0
35,97,0.0
35,98,0.0
35,99,0.0
35,100,0.45371498172959807
35,101,0.3957907642010625
35,102,0.0
35,105,0.0
35,106,0.0
35,107,0.0
35,108,0.0
35,109,0.0
36,30,0.5553287055941201
36,31,0.8052664273088024
36,32,0.7958169556474967
36,33,0.0
36,34,0.7445681205669091
36,35,0.7877110601457166
36,36,0.0
36,37,0.0
36,38,0.0
36,39,0.0
36,40,0.33739803744989794
36,41,0.3265033610582925
36,42,0.6770833333333334
36,43,0.7364016736401674
36,44,0.7160880096891401
36,45,0.6832808851893208
36,46,0.643479792198644
36,47,0.7079423592493298
36,48,0.5157717312785938
36,49,0.5885701773593168
36,50,0.3820396488805602
36,51,0.6601466992665037
36,52,0.628594905505341
36,53,0.6660245826453862
36,54,0.688122332859175
36,55,0.7014534191088873
36,56,0.7748344370860927
36,57,0.5077985617079732
36,58,0.7205542725173211
36,59,0.49431527194509883
36,60,0.6157931193719696
36,61,0.49134487350199735
36,62,0.6287425149700598
36,63,0.6198860693940963
36,64,0.34354782085360347
36,65,0.32980590801945936
36,66,0.4889867841409692
36,67,0.5382110511855093
36,68,0.6387391124014932
36,69,0.760929211633437
36,70,0.5477946291915959
36,71,0.5087391594396264
36,72,0.4926941809792361
36,73,0.7203292933912646
36,74,0.4650595056454074
36,75,0.571764705882353
36,76,0.5695364238410596
36,77,0.5611861861861862
36,78,0.0
36,79,0.0
36,80,0.0
36,81,0.0
36,82,0.5353191489361702
36,83,0.5783898305084746
36,84,0.6683949017066321
36,85,0.5645933014354066
36,86,0.0
36,87,0.6396248534583822
36,88,0.6070836294716891
36,89,0.0
36,90,0.5394117647058824
36,91,0.51171875
36,92,0.5991058122205664
36,93,0.40193236714975844
36,94,0.5112504610844707
36,95,0.5796834744203165
36,96,0.4871711594673595
36,97,0.5012224938875306
36,98,0.6009933774834437
36,99,0.6565149136577708
37,30,0.5988836857169446
37,31,0.4637046474489196
37,32,0.4853013456974875
37,33,0.4923679932156481
37,34,0.46503619463726925
37,35,0.5211361914726785
37,36,0.6015213149904565
37,37,0.6519377076463679
37,38,0.6623630907008533
37,39,0.6892085961718922
37,40,0.5247992408867262
37,41,0.6133042700341914
37,42,0.6954173940199294
37,43,0.7619074272267945
37,44,0.5778283138870726
37,45,0.463090748801648
37,46,0.43766802069826455
37,47,0.5127524482168901
37,48,0.4348754748235747
37,49,0.480087418148098
37,50,0.42162825670615733
37,51,0.5251625425073078
37,52,0.5482413810619425
37,53,0.6366656243906205
37,54,0.5540832290675308
37,55,0.6018137412594537
37,56,0.5677794848453986
37,57,0.5142763650562072
37,58,0.5515902349390797
37,59,0.5681530815517845
37,60,0.623605092911405
37,61,0.5272395782366385
37,62,0.44798062619921075
37,63,0.43758146095400335
37,64,0.39989777934000437
37,65,0.4501032846530601
37,66,0.5370260374973519
37,67,0.6219444416838597
37,68,0.6528840883471155
37,69,0.5764979999920002
37,70,0.6865719452821848
37,71,0.60856908820199
37,72,0.7949286845534392
37,73,0.8179917002225644
37,74,0.8598282237135749
38,35,0.5763014156727232
38,36,0.5768342316576834
38,37,0.6729537366548043
38,38,0.6681191850194323
38,39,0.5509781790820165
38,40,0.5815378900445766
38,41,0.02114371506236834
38,42,0.7699960206923995
38,43,0.7357664233576642
38,44,0.5459327687965101
38,45,0.5683060109289617
38,46,0.6305071075713278
38,47,0.6483311579339922
38,48,0.7260741287110456
38,49,0.6865530303030303
38,50,0.6658595641646489
38,51,0.6676300578034682
38,52,0.6681818181818182
38,53,0.7011986301369864
38,54,0.582865614741078
38,55,0.0
38,56,0.6708211143695014
38,57,0.6363636363636364
38,58,0.6688785666887856
38,59,0.7135922330097088
38,60,0.5945546384132069
38,61,0.5906908016254155
38,62,0.5895606884057971
38,63,0.5906221821460775
38,64,0.6053195086216612
38,65,0.6047619047619047
38,66,0.7362310632875548
38,67,0.7738004569687738
38,68,0.8041323467820746
38,69,0.8144430503276174
38,70,0.8276241573806575
38,71,0.7741935483870968
38,72,0.0
38,73,0.0
38,74,0.7368347729172472
39,30,0.7564621623181329
39,31,0.8289710828959734
39,32,0.8110794090112002
39,33,0.6989782161485819
39,34,0.6420916301021372
39,35,0.7319640809028498
39,36,0.6663805420986467
39,37,0.5675071278391272
39,38,0.5301637566159132
39,39,0.5318703692326524
39,40,0.5046971386304322
39,41,0.6321935224748527
39,42,0.5662661105636639
39,43,0.6051176982398734
39,44,0.7651477468986453
39,45,0.8052959569346809
39,46,0.7091831849085511
39,47,0.6587437635865565
39,48,0.6714481185354259
39,49,0.7298989025411755
39,50,0.7047483839633882
39,51,0.6519620491125935
39,52,0.6501174141589466
39,53,0.6055358120707012
39,54,0.5311408291540353
39,55,0.5140596301446159
39,56,0.5324638390856143
39,57,0.5769226700838792
39,58,0.6163530218408758
39,59,0.6103129948660161
39,60,0.5791584152802207
39,61,0.5985229154889857
39,62,0.7314138459421724
39,63,0.8478244495318682
39,64,0.8481665414408953
39,65,0.8952793263961242
39,66,0.8200319659030367
39,67,0.8691449028383491
39,68,0.85793077499185
39,69,0.6808432624765478
39,70,0.6850569710583744
39,71,0.631378209520777
39,72,0.6398140951931846
39,73,0.5850215731929419
39,74,0.6650788280447965
39,75,0.5719172868982176
39,76,0.5573782282129714
39,77,0.5049688903561651
39,78,0.5143374577849091
39,79,0.4749436297487277
39,80,0.4866049407012273
39,81,0.6767514091797998
39,82,0.5606970564273341
39,83,0.5899296057099098
39,84,0.5590552889115453
39,85,0.7533992083090425
39,86,0.7553297598409164
39,87,0.7632303592363626
39,88,0.5276376681452432
39,89,0.5419851795977054
39,90,0.5244715062109389
39,91,0.4819041166257483
39,92,0.525091906993094
39,93,0.5978484896049343
39,94,0.585720245266311
39,95,0.6178217763750522
39,96,0.4496372442805389
39,97,0.5732613165686626
39,98,0.6513267001312169
39,99,0.7436638071091732
40,48,0.0
40,49,0.0
40,50,0.0
40,51,0.0
40,52,0.0
40,53,0.0
40,54,0.0
40,55,0.0
40,56,0.0
40,57,0.0
40,58,0.0
40,59,0.0
40,60,0.0
40,61,0.0
40,62,0.0
40,63,0.0
40,64,0.0
40,65,0.0
40,66,0.0
40,67,0.0
40,68,0.0
40,69,0.0
40,70,0.0
40,71,0.0
40,72,0.0
40,73,0.0
40,74,0.0
40,75,0.0
40,76,0.0
40,77,0.0
40,78,0.0
40,79,0.0
40,80,0.0
40,81,0.0
40,82,0.0
40,83,0.0
40,84,0.0
40,85,0.0
40,86,0.051395017798742726
40,87,0.0
40,88,0.06568523835354372
40,89,0.08001229649479705
