frame,left,top,right,bottom
39,359,265,424,392
40,358,270,423.043212890625,392.1595764160156
41,357,269,422.6446838378906,392.49298095703125
42,356.6822204589844,267.9966125488281,419.15819549560547,390.06505584716797
43,358.86993408203125,270.2995910644531,417.7424430847168,385.3274154663086
44,358.705078125,271.2696228027344,416.42322158813477,384.04199981689453
45,359.1290283203125,271.4781799316406,416.84717178344727,384.2505569458008
46,357.798583984375,270.9626770019531,416.6710891723633,385.99049377441406
47,356.5859069824219,270.7773132324219,415.45841217041016,385.8051300048828
48,354.7493896484375,270.989990234375,413.6218948364258,386.01780700683594
49,353.0794677734375,272.7424011230469,411.9519729614258,387.7702178955078
50,352.2437744140625,272.6225280761719,411.1162796020508,387.6503448486328
51,350.94989013671875,275.5045166015625,408.66802978515625,388.2768859863281
52,350.6485900878906,275.35546875,409.52109146118164,390.3832778930664
53,349.6808166503906,276.4027404785156,408.55331802368164,391.43054962158203
54,347.915283203125,274.2403259277344,409.1662292480469,393.9152526855469
55,349.53338623046875,277.1258239746094,408.40588760375977,392.1536331176758
56,350.20379638671875,278.2259216308594,407.921932220459,390.99828338623047
57,348.7843017578125,277.74261474609375,407.65679931640625,392.7704162597656
58,349.4803771972656,278.4888916015625,407.1985092163086,391.26124572753906
59,348.3466491699219,278.9598693847656,407.21914291381836,393.98766326904297
60,344,273,406.4805793762207,392.2311477661133
61,347,285,406.9431686401367,394.0933380126953
62,347,286,405.59486389160156,392.97064208984375
63,347,286,406.64482498168945,394.1777114868164
64,345.85919189453125,277.5520935058594,405.909122467041,394.8804244995117
65,346.7864990234375,278.109130859375,405.6589813232422,393.13690185546875
66,346.14892578125,277.8638000488281,405.0214080810547,392.8915710449219
67,346.4315185546875,277.68743896484375,405.3040008544922,392.7152099609375
68,346.4513854980469,275.7976379394531,405.32386779785156,390.8254089355469
69,346.6815185546875,275.49835205078125,404.3996353149414,388.2706756591797
70,345.28753662109375,273.020751953125,405.337459564209,390.3490676879883
71,345.4228515625,273.3000793457031,404.29532623291016,388.3278350830078
72,344.3668212890625,270.48828125,404.41674041748047,387.81658935546875
73,306,275,403.0824203491211,386.972900390625
74,340.6927490234375,266.7006530761719,401.9436683654785,386.37552642822266
75,341.1138916015625,266.8050231933594,402.3648109436035,386.47989654541016
76,340.4768981933594,266.8138122558594,401.7278175354004,386.48868560791016
77,339.13372802734375,266.6145935058594,400.38464736938477,386.28946685791016
78,340.24700927734375,268.1672668457031,399.1194839477539,383.1950225830078
79,312,272,398.4296646118164,382.22618103027344
80,312,272,398.27445220947266,381.76719665527344
81,320,273,397.73746490478516,381.3323516845703
82,325,271,397.91109466552734,382.67877197265625
83,333,272,396.7735900878906,379.3752746582031
84,332,271,397.78508377075195,382.46520233154297
85,332,269,398.4318542480469,382.9717712402344
86,338,266,397.9093208312988,381.32735443115234
87,338,266,397.8841743469238,381.5279769897461
88,337.0576171875,263.1790466308594,398.30853271484375,382.8539123535156
89,337.54681396484375,264.0228576660156,397.59672927856445,381.35115814208984
90,337.5633850097656,264.07501220703125,397.6133003234863,381.40331268310547
91,337.5766906738281,264.13677978515625,397.6266059875488,381.46508026123047
92,337.7223205566406,264.2135314941406,397.7722358703613,381.54183197021484
93,337.2602844238281,263.248046875,398.5111999511719,382.92291259765625
94,338.2171936035156,264.1173400878906,398.2671089172363,381.44564056396484
95,336.94561767578125,263.773681640625,398.196533203125,383.44854736328125
96,337.2646484375,263.9105224609375,398.51556396484375,383.58538818359375
97,338.1533203125,265.226806640625,398.2032356262207,382.5551071166992
98,337.20025634765625,263.96966552734375,398.451171875,383.64453125
99,337.6315002441406,264.14215087890625,398.8824157714844,383.8170166015625
100,337.5543212890625,264.6392822265625,398.80523681640625,384.31414794921875
101,337.5683898925781,264.2349548339844,398.8193054199219,383.9098205566406
102,338.1866149902344,265.0931091308594,398.2365303039551,382.4214096069336
103,328,258,397.9960517883301,382.76354217529297
104,328,263,398.0745544433594,381.0622863769531
105,330,261,398.0480651855469,381.6957092285156
106,329,259,397.52803802490234,380.29933166503906
107,328,262,398.26211166381836,382.36983489990234
108,328,262,398.3038902282715,382.18285369873047
109,338,261,398.57262802124023,382.1808090209961
110,338,261,398.21279525756836,382.30098724365234
111,339,265,398.4674949645996,382.36949920654297
112,339,265,398.77705001831055,383.7063980102539
113,340,263,398.8028793334961,381.6113739013672
114,339.9313049316406,266.8223876953125,398.8037643432617,381.85011291503906
115,342,265,398.7601547241211,382.03916931152344
116,343,267,398.8051986694336,382.27919006347656
117,339,252,399.3583755493164,383.6725769042969
118,339,252,398.8777656555176,381.94507598876953
119,339.87237548828125,267.17791748046875,398.7448310852051,382.2056350708008
120,339.7359924316406,267.4311828613281,398.60844802856445,382.45890045166016
121,339.025634765625,266.5042419433594,399.07553482055664,383.83251190185547
122,339.69586181640625,266.99615478515625,398.5683135986328,382.02386474609375
123,339.56695556640625,267.2080383300781,398.4394073486328,382.2357482910156
124,340.0632629394531,268.5205078125,397.7813529968262,381.2927780151367
125,339.70355224609375,266.6495666503906,399.7534484863281,383.9778289794922
126,340.47784423828125,267.1676940917969,399.35029220581055,382.19539642333984
127,339.5201721191406,266.3842468261719,399.57006454467773,383.7125015258789
128,340.007568359375,267.0356750488281,398.88001251220703,382.06336975097656
129,339.7901916503906,267.4117736816406,398.66263580322266,382.43946838378906
130,338.9834899902344,266.6288146972656,399.0333786010742,383.9570617675781
131,327,266,398.5370559692383,382.1177520751953
132,327,266,398.35852813720703,382.3619842529297
133,339.3358459472656,266.4183044433594,399.38573455810547,383.7465515136719
134,340.0238342285156,266.5592956542969,398.89627838134766,381.5869903564453
135,340.5654602050781,267.4885559082031,398.28354263305664,380.2608108520508
136,340.0182189941406,267.320068359375,398.89066314697266,382.34776306152344
137,340.0820007324219,267.0329895019531,398.9544448852539,382.06068420410156
138,340.13690185546875,266.7590026855469,399.0093460083008,381.7866973876953
139,340.1455078125,266.5068054199219,399.01795196533203,381.5345001220703
140,340.7225036621094,267.3919372558594,398.4405860900879,380.16419219970703
141,340.1346740722656,267.2469482421875,399.00711822509766,382.27464294433594
142,340.0967712402344,267.09857177734375,398.9692153930664,382.1262664794922
143,340.13922119140625,266.8619689941406,399.0116653442383,381.88966369628906
144,333,265,398.96936798095703,381.5733184814453
145,340.09576416015625,266.1954040527344,398.9682083129883,381.2230987548828
146,339.942138671875,266.531005859375,398.81458282470703,381.55870056152344
147,339.8912658691406,266.0712585449219,398.76371002197266,381.0989532470703
148,339.7149963378906,266.29315185546875,398.58744049072266,381.3208465576172
149,338.9510498046875,265.36065673828125,399.00093841552734,382.68890380859375
150,340.0610656738281,265.85003662109375,398.93350982666016,380.8777313232422
151,339.80615234375,266.0489501953125,398.67859649658203,381.07664489746094
152,340.10418701171875,267.3758544921875,397.82226943969727,380.14810943603516
153,339.9320373535156,266.7771911621094,398.80448150634766,381.8048858642578
154,339.7801513671875,266.2184753417969,398.65259552001953,381.2461700439453
155,340.0179748535156,267.49188232421875,397.73605728149414,380.2641372680664
156,308,264,398.59415435791016,381.7701873779297
157,339.9171447753906,267.35040283203125,397.63522720336914,380.1226577758789
158,313,264,398.9911117553711,382.7967529296875
159,339.72991943359375,265.8547668457031,398.6023635864258,380.88246154785156
160,339.5611267089844,267.2323913574219,397.2792091369629,380.00464630126953
161,338.5075988769531,265.38201904296875,398.55748748779297,382.71026611328125
162,339.01226806640625,265.8591003417969,397.8847122192383,380.8867950439453
163,339.3671875,267.1333312988281,397.0852699279785,379.9055862426758
164,338.208251953125,265.3359375,398.25814056396484,382.6641845703125
165,339.2444152832031,266.9634094238281,396.96249771118164,379.7356643676758
166,339.13787841796875,267.5627746582031,396.85596084594727,380.3350296020508
167,338.798095703125,266.9655456542969,397.67053985595703,381.9932403564453
168,338.8910827636719,267.5998229980469,396.6091651916504,380.37207794189453
169,338.4845275878906,267.0971984863281,397.35697174072266,382.12489318847656
170,337.8716735839844,265.42816162109375,397.9215621948242,382.75640869140625
171,338.8433532714844,267.19940185546875,396.5614356994629,379.9716567993164
172,338.2122802734375,266.8464660644531,397.08472442626953,381.87416076660156
173,338.5721740722656,267.4925842285156,396.29025650024414,380.2648391723633
174,337.8774719238281,267.1353454589844,396.74991607666016,382.1630401611328
175,337.5506286621094,266.7699279785156,396.4230728149414,381.79762268066406
176,338.8932189941406,268.68902587890625,395.47957611083984,379.25006103515625
177,336.7747802734375,266.5149841308594,396.82466888427734,383.8432312011719
178,337.458740234375,266.6197814941406,396.33118438720703,381.64747619628906
179,338.4692687988281,268.58746337890625,395.05562591552734,379.14849853515625
